Identity	Male	Born_USA	Birth	Final	Alive	Films	Wins	Noms	FirstWin_Year	FirstNom_Year
1	1	Yes	1913	1969	0	4	0	0		
2	1	Yes	1921	2001	1	37	0	0		
3	1	Yes	1962	2001	1	38	0	0		
4	1	Yes	1929	2001	1	45	0	0		
5	1	Yes	1934	1986	0	8	0	1		1984
6	1	Yes	1890	1963	0	139	0	1		1931
7	0	Yes	1909	1978	0	16	0	0		
8	0	Yes	1906	1974	0	85	0	4		1942
9	1	No 	1899	1972	0	123	0	2		1936
10	1	Yes	1894	1972	0	29	0	0		
11	1	Yes	1927	1975	0	15	0	0		
12	1	Yes	1940	2001	1	31	1	8	1992	1972
13	1	Yes	1934	2001	1	62	0	2		1966
14	1	No 	1934	2001	1	58	0	1		1968
15	1	No 	1909	1961	0	24	0	0		
16	1	No 	1867	1952	0	38	0	1		1940
17	1	Yes	1947	2001	1	17	0	1		1987
18	1	No 	1936	2001	1	42	0	5		1963
19	1	No 	1914	2000	0	61	1	4	1957	1952
20	1	Yes	1878	1960	0	5	0	0		
21	1	No 	1907	1995	0	70	0	1		1944
22	0	No 	1939	2001	1	64	0	0		
23	1	No 	1916	1987	0	55	0	0		
24	1	No 	1904	1957	0	22	0	0		
25	0	Yes	1953	2001	1	41	0	1		1983
26	1	Yes	1892	1977	0	7	0	1		1932
27	0	Yes	1938	2001	1	20	0	1		1970
28	0	Yes	1892	1939	0	74	1	2	1937	1936
29	0	Yes	1926	2001	1	22	0	0		
30	0	Yes	1899	1991	0	44	0	1		1944
31	0	No 	1946	2001	1	19	0	0		
32	0	Yes	1888	1974	0	86	0	0		
33	0	Yes	1931	1989	0	21	0	0		
34	0	No 	1962	2001	1	19	0	0		
35	0	Yes	1957	2001	1	41	0	0		
36	0	Yes	1953	2001	1	27	0	1		1983
37	0	Yes	1951	2001	1	33	0	1		1985
38	0	Yes	1950	2001	1	30	0	0		
39	1	No 	1909	1978	0	52	0	0		
40	1	Yes	1962	2001	1	14	0	0		
41	0	Yes	1916	1974	0	35	0	0		
42	0	Yes	1914	1974	0	14	0	1		1937
43	1	No 	1907	1988	0	31	0	0		
44	1	No 	1956	2001	1	27	0	1		1988
45	0	Yes	1958	2001	1	28	0	1		1993
46	0	Yes	1923	1978	0	23	0	0		
47	0	No 	1925	2001	1	66	0	3		1944
48	0	Yes	1951	2001	1	41	1	3	1985	1982
49	0	Yes	1928	2001	1	33	0	1		1945
50	0	No 	1890	1961	0	14	0	0		
51	0	Yes	1914	2000	0	173	0	0		
52	0	Yes	1901	1981	0	41	0	1		1931
53	0	No 	1941	2001	1	48	0	2		1971
54	0	No 	1918	2001	1	18	0	0		
55	0	Yes	1891	1978	0	44	0	0		
56	0	Yes	1912	2001	0	79	0	1		1987
57	0	No 	1909	1993	0	69	0	0		
58	0	Yes	1899	1959	0	28	0	0		
59	0	No 	1907	1973	0	33	1	2	1955	1955
60	0	No 	1982	2001	1	5	1	1	1993	1993
61	0	Yes	1947	2001	1	39	0	1		1987
62	0	Yes	1931	2001	1	59	1	5	1962	1962
63	0	Yes	1923	1985	0	71	1	2	1946	1946
64	0	Yes	1930	2001	1	78	0	0		
65	0	Yes	1893	1971	0	54	0	0		
66	0	Yes	1928	1988	0	36	0	1		1987
67	0	Yes	1903	1990	0	42	1	3	1945	1943
68	0	Yes	1918	1993	0	53	0	1		1937
69	0	Yes	1958	2001	1	19	0	2		1990
70	0	No 	1932	2001	1	55	0	1		1966
71	1	Yes	1928	2001	1	67	0	1		1957
72	1	Yes	1927	1988	0	52	0	0		
73	1	No 	1937	2001	1	70	1	4	1991	1968
74	1	No 	1902	1977	0	38	0	0		
75	1	Yes	1932	1992	0	59	0	1		1956
76	1	No 	1913	1989	0	68	0	1		1969
77	1	No 	1916	2001	1	156	2	4	1952	1952
78	1	Yes	1909	1975	0	96	0	0		
79	1	Yes	1889	1964	0	32	0	0		
80	0	Yes	1939	2001	1	26	0	0		
81	1	No 	1930	2001	1	54	0	1		1996
82	1	Yes	1918	2001	1	108	1	1	1974	1974
83	1	Yes	1914	1985	0	11	0	0		
84	1	Yes	1911	1979	0	56	0	1		1952
85	1	Yes	1914	1990	0	81	0	5		1949
86	1	Yes	1908	1981	0	69	0	2		1955
87	1	Yes	1908	1983	0	113	0	0		
88	0	No 	1929	1993	0	30	1	5	1953	1953
89	0	Yes	1918	2001	1	47	0	0		
90	0	Yes	1922	1990	0	72	0	1		1953
91	0	No 	1923	1990	0	18	0	0		
92	1	Yes	1928	2001	1	16	0	0		
93	1	Yes	1949	2001	1	17	0	0		
94	0	Yes	1931	2001	1	31	0	1		1979
95	0	Yes	1927	1990	0	15	0	0		
96	0	Yes	1922	2001	1	15	0	1		1948
97	0	Yes	1922	2001	1	71	0	0		
98	0	Yes	1935	2001	1	29	0	1		1971
99	0	Yes	1948	2001	1	57	0	1		1969
100	0	Yes	1943	2001	1	4	0	0		
101	0	Yes	1909	1980	0	17	0	1		1937
102	0	No 	1947	2001	1	19	0	0		
103	0	Yes	1907	1990	0	95	0	4		1937
104	0	Yes	1942	2001	1	30	1	2	1968	1968
105	0	No 	1924	2001	1	7	0	0		
106	1	Yes	1934	2001	1	18	0	0		
107	1	No 	1888	1961	0	44	1	2	1944	1944
108	1	Yes	1894	1971	0	21	0	0		
109	1	Yes	1958	2001	1	16	0	0		
110	1	Yes	1920	2001	1	35	0	0		
111	1	Yes	1938	2001	1	45	0	0		
112	1	Yes	1912	1994	0	104	0	0		
113	1	Yes	1937	1996	0	36	0	0		
114	1	No 	1892	1967	0	103	0	2		1936
115	0	Yes	1926	2000	0	29	0	1		1967
116	0	Yes	1918	2001	1	26	1	1	1976	1976
117	0	Yes	1976	2001	1	1	0	0		
118	0	Yes	1891	1932	0	35	0	0		
119	1	Yes	1972	2001	1	12	0	0		
120	1	Yes	1918	1996	0	79	1	1	1971	1953
121	1	No 	1943	2001	1	37	1	2	1982	1982
122	1	Yes	1915	1989	0	47	0	0		
123	1	Yes	1900	1980	0	29	0	0		
124	1	Yes	1916	1987	0	55	0	0		
125	1	No 	1938	2001	1	15	0	0		
126	1	Yes	1891	1971	0	131	0	0		
127	0	Yes	1900	1984	0	166	0	0		
128	0	Yes	1898	1986	0	98	0	1		1929
129	0	Yes	1952	2001	1	6	0	0		
130	0	Yes	1923	2001	1	22	0	1		1955
131	0	Yes	1929	2001	1	19	0	0		
132	0	Yes	1908	1989	0	122	2	11	1935	1934
133	0	Yes	1945	2001	1	31	0	2		1979
134	0	Yes	1893	1972	0	90	0	0		
135	0	Yes	1897	1974	0	108	0	1		1929
136	0	Yes	1918	1973	0	22	0	0		
137	0	Yes	1938	2001	1	4	0	0		
138	0	Yes	1888	1981	0	66	0	2		1936
139	0	Yes	1926	2001	1	60	0	0		
140	1	Yes	1931	2001	1	13	0	0		
141	0	Yes	1885	1970	0	75	0	1		1938
142	1	Yes	1906	2001	1	141	0	0		
143	1	Yes	1955	2001	1	25	0	2		1996
144	1	Yes	1910	1984	0	11	0	0		
145	1	Yes	1901	1977	0	113	1	3	1944	1944
146	0	Yes	1944	2001	1	42	0	0		
147	1	Yes	1942	2001	1	66	0	0		
148	1	Yes	1945	2001	1	36	0	0		
149	1	No 	1942	2001	1	47	0	1		1986
150	1	Yes	1936	1973	0	23	0	1		1963
151	1	Yes	1931	1999	0	13	0	0		
152	0	Yes	1923	1988	0	57	0	1		1936
153	0	Yes	1929	2001	1	29	0	0		
154	1	Yes	1917	2001	1	39	0	0		
155	1	Yes	1950	2001	1	52	0	1		1975
156	1	Yes	1963	2001	1	20	0	1		1995
157	1	Yes	1931	2001	1	32	0	0		
158	1	Yes	1942	1972	0	14	0	1		1953
159	0	Yes	1946	2001	1	12	0	2		1996
160	0	No 	1909	1996	0	9	0	0		
161	0	No 	1944	2001	1	22	1	1	1989	1989
162	0	No 	1915	1992	0	18	0	0		
163	0	Yes	1939	2001	1	43	0	1		1975
164	1	No 	1902	1986	0	44	0	1		1939
165	1	Yes	1936	1990	0	9	0	0		
166	1	No 	1899	1972	0	107	0	1		1939
167	1	Yes	1910	1986	0	104	1	1	1949	1949
168	0	Yes	1967	2001	1	12	0	0		
169	1	Yes	1946	2001	1	63	0	1		1990
170	1	Yes	1936	2001	1	71	0	1		1978
171	1	Yes	1934	2001	1	10	0	0		
172	1	No 	1955	2001	1	33	0	0		
173	1	Yes	1915	1986	0	19	0	0		
174	1	Yes	1908	1997	0	122	0	2		1975
175	1	Yes	1909	1995	0	52	1	1	1958	1958
176	1	Yes	1913	1994	0	97	1	4	1960	1953
177	1	Yes	1936	2001	1	100	0	1		1997
178	1	Yes	1940	2001	1	58	0	1		1974
179	0	Yes	1911	1995	0	19	0	0		
180	1	Yes	1918	1994	0	166	0	0		
181	0	Yes	1946	2001	1	34	0	1		1971
182	0	Yes	1947	2001	1	29	0	1		1972
183	0	Yes	1925	2001	1	22	0	1		1958
184	1	Yes	1926	1959	0	99	0	0		
185	0	Yes	1940	2001	1	12	0	0		
186	1	No 	1912	1986	0	8	0	0		
187	0	Yes	1914	1995	0	9	0	0		
188	0	Yes	1935	2001	1	8	0	0		
189	0	Yes	1933	2001	1	30	0	0		
190	0	Yes	1923	2001	1	14	0	1		1967
191	0	Yes	1952	2001	1	64	0	1		1975
192	0	Yes	1908	1942	0	75	0	1		1936
193	0	Yes	1964	2001	1	1	0	0		
194	0	Yes	1930	2001	1	6	0	0		
195	0	Yes	1929	1983	0	48	0	1		1957
196	0	Yes	1946	2001	1	35	0	1		1970
197	0	Yes	1931	2001	1	18	0	1		1956
198	0	Yes	1901	1974	0	32	0	0		
199	1	No 	1904	1986	0	89	0	2		1937
200	0	Yes	1943	2001	1	8	0	1		1969
201	0	Yes	1918	2001	1	28	0	0		
202	0	No 	1943	2001	1	73	0	1		1992
203	0	Yes	1961	2001	1	23	0	1		1980
204	0	Yes	1923	1970	0	19	0	0		
205	1	No 	1921	1992	0	47	0	0		
206	1	No 	1891	1973	0	104	0	2		1948
207	0	Yes	1919	2001	1	39	1	3	1947	1947
208	0	No 	1908	1982	0	16	0	1		1946
209	0	No 	1897	1979	0	43	0	0		
210	0	Yes	1939	2001	1	9	0	0		
211	1	Yes	1889	1967	0	95	0	3		1943
212	1	No 	1899	1978	0	80	0	4		1937
213	1	No 	1889	1977	0	163	0	2		1928
214	1	Yes	1935	2001	1	30	0	0		
215	1	Yes	1877	1961	0	71	1	3	1943	1941
216	1	Yes	1933	2001	1	93	0	2		1982
217	1	Yes	1935	2001	1	41	0	0		
218	1	Yes	1921	1978	0	59	0	0		
219	1	No 	1888	1969	0	102	0	0		
220	1	No 	1941	2001	1	4	0	0		
221	1	No 	1899	1962	0	55	1	3	1933	1933
222	1	Yes	1936	2001	1	67	0	0		
223	1	Yes	1925	2001	1	36	0	0		
224	1	No 	1904	2001	1	52	0	0		
225	0	No 	1946	2001	1	42	0	0		
226	1	Yes	1924	2001	1	99	1	1	1959	1959
227	1	Yes	1951	2001	1	16	0	1		1994
228	0	Yes	1946	2001	1	22	1	2	1987	1983
229	1	Yes	1901	1970	0	87	0	1		1929
230	1	No 	1899	1981	0	11	0	1		1970
231	1	Yes	1903	1978	0	104	0	1		1960
232	1	No 	1949	2001	1	53	0	0		
233	1	Yes	1942	2001	1	39	0	1		1975
234	1	Yes	1894	1953	0	78	0	0		
235	0	Yes	1950	2001	1	28	0	1		1984
236	1	Yes	1961	2001	1	30	0	0		
237	1	Yes	1938	2001	1	74	0	0		
238	1	Yes	1952	2001	1	42	0	0		
239	1	Yes	1943	2001	1	55	1	1	1978	1978
240	1	Yes	1938	2001	1	36	0	0		
241	0	Yes	1933	2001	1	46	0	1		1972
242	0	Yes	1948	2001	1	32	0	0		
243	0	Yes	1913	1966	0	63	0	0		
244	0	Yes	1909	2001	1	71	1	3	1948	1937
245	1	Yes	1959	2001	1	28	0	0		
246	1	No 	1891	1970	0	69	0	0		
247	0	No 	1880	1962	0	113	0	0		
248	1	Yes	1901	1960	0	56	1	3	1934	1934
249	1	No 	1889	1967	0	59	0	4		1939
250	1	Yes	1907	1985	0	17	0	0		
251	0	No 	1903	1996	0	67	1	3	1934	1934
253	1	Yes	1893	1953	0	150	0	0		
254	1	Yes	1936	2001	1	25	0	0		
255	1	Yes	1925	2001	1	79	1	1	1968	1968
256	1	Yes	1893	1966	0	26	0	3		1944
257	1	Yes	1930	2001	1	72	0	1		1992
258	0	Yes	1926	2001	1	93	1	1	1971	1971
259	1	Yes	1948	2001	1	43	0	0		
260	1	No 	1930	1987	0	39	0	0		
261	1	No 	1960	2001	1	19	0	0		
262	1	Yes	1896	1980	0	12	0	0		
263	1	No 	1888	1968	0	61	0	0		
264	0	Yes	1924	1991	0	52	0	0		
265	0	Yes	1926	2001	1	1	0	1		1952
266	0	Yes	1943	2001	1	37	0	0		
267	0	Yes	1901	1985	0	88	0	0		
268	0	Yes	1880	1955	0	33	0	0		
269	1	No 	1923	2001	1	17	0	0		
270	0	No 	1929	2001	1	26	0	0		
271	0	Yes	1898	1979	0	21	0	1		1929
272	0	No 	1937	2001	1	16	0	0		
273	1	Yes	1915	1989	0	44	0	1		1945
274	1	Yes	1946	2001	1	44	0	0		
275	1	Yes	1954	2001	1	25	0	0		
276	1	No 	1882	1965	0	133	0	0		
277	1	Yes	1964	2001	1	23	0	0		
278	1	Yes	1968	2001	1	15	1	1	1996	1996
279	0	Yes	1950	2001	1	30	0	0		
280	1	Yes	1893	1967	0	122	0	0		
281	1	Yes	1932	2001	1	79	0	0		
282	0	Yes	1897	2001	1	35	0	0		
283	1	No 	1950	2001	1	78	0	1		1989
284	1	Yes	1917	1978	0	54	0	1		1948
285	1	No 	1919	2001	1	64	0	1		1954
286	1	Yes	1915	1993	0	52	0	0		
287	0	Yes	1942	2001	1	19	0	0		
288	1	No 	1907	1986	0	50	0	0		
289	1	No 	1957	2001	1	17	1	2	1989	1989
290	1	No 	1933	1998	0	26	0	1		1968
291	1	Yes	1933	2001	1	70	0	1		1989
292	1	Yes	1944	2001	1	59	0	0		
293	1	Yes	1947	2001	1	44	0	0		
294	0	Yes	1960	2001	1	30	0	0		
295	1	Yes	1929	2001	1	8	0	0		
296	1	Yes	1952	2001	1	23	0	0		
297	1	Yes	1908	2001	1	30	0	0		
298	1	Yes	1943	2001	1	42	0	0		
299	1	Yes	1954	2001	1	38	0	0		
300	1	No 	1933	2001	1	84	0	0		
301	1	No 	1910	1983	0	114	1	1	1958	1935
302	1	Yes	1954	2001	1	40	0	1		1992
303	1	Yes	1943	2001	1	24	0	0		
304	1	Yes	1921	1973	0	8	0	0		
305	1	No 	1941	2001	1	93	0	0		
306	0	No 	1930	1985	0	43	0	0		
307	1	Yes	1903	1991	0	103	1	1	1949	1949
308	1	Yes	1935	2001	1	104	0	1		1988
309	0	Yes	1932	2001	1	56	0	1		1964
310	0	Yes	1957	2001	1	2	0	0		
311	0	No 	1921	2001	1	57	0	6		1949
312	0	Yes	1953	2001	1	34	0	0		
313	0	Yes	1955	2001	1	21	0	3		1982
314	0	Yes	1905	1979	0	31	0	0		
315	0	Yes	1962	2001	1	32	0	0		
316	1	No 	1922	1992	0	105	0	1		1986
317	1	No 	1927	2001	1	20	0	0		
318	1	Yes	1936	2001	1	92	0	1		1955
319	1	Yes	1954	2001	1	36	1	4	1989	1987
320	1	Yes	1898	1950	0	151	0	0		
321	1	Yes	1923	1990	0	6	0	1		1986
322	0	Yes	1935	2001	1	23	0	1		1974
323	0	Yes	1919	1997	0	21	0	0		
324	0	Yes	1944	2001	1	17	0	1		1972
325	0	Yes	1955	2001	1	31	0	1		1980
326	0	No 	1906	1964	0	18	0	1		1933
327	0	No 	1933	2001	1	30	0	1		1963
328	0	Yes	1946	2001	1	39	1	3	1977	1974
329	0	Yes	1938	1992	0	11	0	1		1957
330	0	Yes	1939	2001	1	50	0	3		1974
331	0	Yes	1948	2001	1	25	2	3	1986	1986
332	1	Yes	1930	2001	1	14	0	0		
333	1	Yes	1910	1979	0	94	0	0		
334	1	Yes	1928	2001	1	56	0	0		
335	0	Yes	1928	2001	1	41	0	0		
336	1	Yes	1908	1993	0	78	1	1	1985	1985
337	1	Yes	1899	2001	1	83	0	0		
338	1	Yes	1929	2001	1	63	0	1		1956
339	1	Yes	1920	1998	0	63	0	0		
340	1	Yes	1902	1988	0	34	0	0		
341	1	No 	1943	1999	0	26	0	0		
342	1	No 	1880	1974	0	161	1	1	1941	1941
343	1	No 	1919	1995	0	184	0	0		
344	1	No 	1935	2001	1	96	0	0		
345	0	Yes	1957	2001	1	13	0	0		
346	0	Yes	1921	1986	0	48	1	1	1953	1945
347	0	Yes	1911	1983	0	67	0	0		
348	0	Yes	1924	2001	1	40	0	1		1959
349	0	No 	1899	1968	0	155	0	0		
350	0	Yes	1929	2001	1	40	0	0		
351	0	Yes	1898	1975	0	18	0	0		
352	0	Yes	1920	1968	0	23	0	0		
353	0	No 	1925	1992	0	29	0	0		
354	0	Yes	1923	1965	0	26	0	1		1954
355	0	No 	1903	1990	0	51	0	0		
356	0	Yes	1925	2001	1	75	1	1	1956	1956
357	0	Yes	1919	2001	1	40	0	1		1947
358	0	No 	1922	1987	0	37	0	0		
359	0	Yes	1889	1955	0	87	0	0		
360	0	Yes	1944	1983	0	2	0	0		
361	0	Yes	1968	2001	1	15	0	0		
362	1	Yes	1910	1960	0	48	0	0		
363	1	No 	1909	1961	0	50	0	0		
364	1	Yes	1907	1994	0	145	0	0		
365	1	No 	1935	2001	1	47	0	1		1981
366	1	Yes	1937	2001	1	37	2	7	1979	1967
367	0	Yes	1939	2001	1	37	0	2		1969
368	0	Yes	1937	2001	1	8	0	0		
369	1	Yes	1885	1966	0	36	0	0		
370	1	Yes	1928	2001	1	55	0	0		
371	1	Yes	1901	1970	0	49	1	1	1962	1962
372	1	Yes	1950	2001	1	40	0	3		1995
373	1	Yes	1886	1966	0	38	0	1		1959
374	1	Yes	1908	2001	1	126	0	2		1953
375	1	Yes	1930	1995	0	9	0	0		
376	1	Yes	1890	1965	0	72	0	0		
377	1	No 	1903	1952	0	60	0	0		
378	1	Yes	1907	1964	0	50	0	0		
379	0	Yes	1912	1977	0	20	0	0		
380	0	No 	1888	1976	0	22	0	3		1963
381	0	Yes	1899	1980	0	48	0	0		
382	0	Yes	1894	1962	0	5	0	0		
383	1	Yes	1915	1985	0	87	1	2	1954	1954
384	1	No 	1924	2001	1	47	0	0		
385	1	No 	1875	1959	0	83	1	2	1947	1947
386	0	Yes	1883	1942	0	48	0	1		1939
387	1	Yes	1890	1956	0	96	0	0		
388	1	Yes	1886	1970	0	108	0	0		
389	1	No 	1937	2001	1	45	0	0		
390	1	Yes	1902	1964	0	204	0	0		
391	1	Yes	1943	2001	1	57	0	0		
392	1	Yes	1947	2001	1	36	0	1		1988
393	1	Yes	1969	2001	1	6	0	2		1996
394	1	Yes	1909	1980	0	34	0	0		
395	0	Yes	1935	2001	1	57	0	1		1971
396	0	Yes	1919	2001	1	35	1	2	1972	1956
397	0	No 	1919	2001	1	10	0	0		
398	0	No 	1879	1961	0	67	0	0		
399	0	Yes	1932	2001	1	12	0	0		
400	0	Yes	1947	2001	1	2	0	0		
401	0	No 	1934	2001	1	25	0	0		
402	0	Yes	1922	2001	1	61	0	3		1950
403	0	No 	1898	1986	0	13	0	1		1935
404	0	Yes	1963	2001	1	22	0	1		1995
405	0	No 	1908	1990	0	48	0	0		
406	0	Yes	1941	1987	0	9	0	1		1965
407	0	Yes	1961	2001	1	27	0	1		1981
408	0	No 	1932	2001	1	78	2	5	1960	1957
409	0	Yes	1917	1996	0	19	0	0		
410	0	Yes	1932	2001	1	58	1	6	1974	1971
411	0	Yes	1914	1999	0	97	0	1		1948
412	1	Yes	1938	2001	1	88	0	1		1969
413	1	Yes	1920	2001	1	20	0	0		
414	0	No 	1902	1986	0	61	0	2		1949
415	1	No 	1884	1950	0	33	2	2	1928	1928
416	1	Yes	1926	1965	0	2	0	0		
417	0	Yes	1967	2001	1	5	0	2		1996
418	0	No 	1959	2001	1	18	1	4	1992	1992
419	1	Yes	1893	1969	0	258	0	0		
420	1	No 	1905	1987	0	47	0	0		
421	1	Yes	1886	1971	0	4	0	0		
422	1	Yes	1956	2001	1	52	0	1		1985
423	1	Yes	1961	2001	1	48	0	0		
424	1	No 	1885	1957	0	68	0	1		1950
425	1	Yes	1915	2001	1	119	1	1	1955	1955
426	1	No 	1906	1987	0	61	0	0		
427	0	Yes	1927	2001	1	25	1	2	1967	1967
428	0	Yes	1899	1958	0	27	0	0		
429	0	Yes	1933	1998	0	24	0	0		
430	0	Yes	1879	1959	0	31	1	4	1944	1944
431	0	Yes	1896	1977	0	17	0	1		1949
432	0	Yes	1917	1998	0	19	0	0		
433	1	Yes	1889	1954	0	157	0	0		
434	0	No 	1899	1991	0	3	0	1		1980
435	0	Yes	1912	1990	0	78	0	1		1937
436	0	Yes	1930	2001	1	17	0	0		
437	0	Yes	1924	2001	1	38	1	1	1954	1954
438	0	Yes	1897	1988	0	56	0	0		
439	0	Yes	1919	2001	1	50	0	0		
440	0	Yes	1895	1958	0	15	0	0		
441	0	Yes	1913	1993	0	24	0	0		
442	1	Yes	1901	1953	0	16	0	0		
443	0	Yes	1903	1959	0	33	0	0		
444	1	Yes	1939	2001	1	41	1	1	1984	1973
445	0	No 	1922	2001	1	29	0	0		
446	0	Yes	1891	1968	0	42	1	3	1938	1938
447	0	Yes	1913	2001	1	41	0	0		
448	0	Yes	1941	2001	1	63	1	3	1976	1967
449	0	Yes	1880	1951	0	46	0	0		
450	1	No 	1915	1994	0	131	0	0		
451	0	No 	1958	2001	1	16	0	0		
452	0	No 	1902	1984	0	51	0	1		1946
453	0	Yes	1888	1954	0	66	0	0		
454	0	Yes	1901	1988	0	17	0	0		
455	0	Yes	1904	1980	0	50	0	0		
456	0	Yes	1889	1949	0	4	0	0		
457	1	Yes	1961	2001	1	34	0	0		
458	1	Yes	1919	1986	0	96	0	0		
459	0	Yes	1957	2001	1	23	0	0		
460	0	Yes	1907	2001	1	49	0	0		
461	0	Yes	1957	2001	1	27	1	3	1996	1988
462	0	Yes	1908	2001	1	83	0	0		
463	1	Yes	1905	1968	0	73	0	1		1935
464	1	Yes	1893	1963	0	80	0	0		
465	1	No 	1890	1964	0	75	0	0		
466	1	Yes	1910	1981	0	56	0	0		
467	1	Yes	1907	1985	0	161	0	0		
468	1	No 	1926	2001	1	60	0	1		1965
469	1	Yes	1878	1960	0	111	0	0		
470	1	Yes	1925	2001	1	33	0	0		
471	1	Yes	1899	1981	0	119	0	0		
472	1	Yes	1887	1967	0	77	0	0		
473	1	Yes	1890	1949	0	111	0	2		1934
474	1	Yes	1909	1992	0	55	0	0		
475	1	Yes	1884	1973	0	154	0	0		
476	1	Yes	1915	1998	0	109	1	2	1953	1953
477	1	No 	1926	1994	0	13	0	0		
478	1	Yes	1963	2001	1	30	0	0		
479	1	Yes	1894	1958	0	176	0	0		
480	1	Yes	1899	1987	0	67	0	1		1974
481	1	Yes	1943	2001	1	25	0	0		
482	1	Yes	1889	1938	0	92	0	0		
483	1	Yes	1908	1991	0	98	0	0		
484	1	Yes	1913	1957	0	92	0	0		
485	1	Yes	1942	2001	1	3	0	0		
486	1	Yes	1938	2001	1	62	0	1		1979
487	1	Yes	1897	1975	0	79	2	5	1932	1931
488	0	No 	1900	1976	0	48	0	0		
489	1	No 	1900	1993	0	119	0	0		
490	0	Yes	1911	1980	0	62	0	0		
491	0	Yes	1899	1985	0	43	1	2	1936	1936
492	1	Yes	1944	2001	1	66	0	1		1974
493	1	Yes	1901	1961	0	111	2	5	1941	1936
494	1	Yes	1921	1999	0	3	0	0		
495	1	Yes	1936	2001	1	23	0	0		
496	1	Yes	1955	2001	1	14	0	1		1994
497	1	Yes	1930	2001	1	47	0	0		
498	1	Yes	1926	2001	1	40	0	0		
499	0	Yes	1957	2001	1	18	1	2	1988	1988
500	0	Yes	1934	2001	1	40	0	2		1968
501	1	Yes	1931	2001	1	74	2	5	1971	1967
502	1	Yes	1912	1996	0	59	0	1		1945
503	1	No 	1891	1957	0	117	0	1		1938
504	1	Yes	1921	2001	1	17	0	0		
505	0	Yes	1920	1991	0	39	0	1		1945
506	1	Yes	1935	2001	1	24	0	1		1967
507	0	Yes	1907	1949	0	38	0	0		
508	0	No 	1942	2001	1	42	0	1		1969
509	1	No 	1951	2001	1	15	1	3	1996	1996
510	1	No 	1868	1946	0	26	1	2	1930	1930
511	1	No 	1931	1976	0	38	0	0		
512	1	Yes	1882	1956	0	65	0	1		1929
513	1	Yes	1862	1945	0	88	0	0		
514	1	Yes	1896	1996	0	65	1	1	1975	1975
515	1	Yes	1926	1999	0	61	1	4	1970	1959
516	1	Yes	1934	2001	1	24	1	1	1961	1961
517	1	Yes	1875	1957	0	14	0	0		
518	1	No 	1903	1989	0	82	0	0		
519	1	Yes	1925	2001	1	107	1	1	1967	1967
520	1	Yes	1900	1952	0	88	0	0		
521	1	Yes	1928	2001	1	25	0	0		
522	1	Yes	1895	1959	0	65	0	0		
523	1	Yes	1914	1959	0	81	0	0		
524	1	No 	1906	1972	0	132	1	1	1950	1940
525	1	Yes	1934	2001	1	62	0	1		1965
526	1	No 	1899	1948	0	50	0	0		
527	1	Yes	1901	1980	0	61	0	0		
528	1	No 	1924	2001	1	7	0	0		
529	0	Yes	1892	1950	0	11	0	0		
530	0	Yes	1944	2001	1	64	0	0		
531	0	No 	1914	2001	1	65	0	1		1939
532	0	Yes	1924	1987	0	48	1	8	1985	1953
533	1	No 	1948	2001	1	97	0	1		1990
534	1	No 	1958	2001	1	36	0	0		
535	1	No 	1942	2001	1	61	0	1		1976
536	1	Yes	1913	1978	0	81	1	3	1969	1951
537	1	No 	1899	1999	0	48	0	0		
538	1	No 	1905	1994	0	105	0	0		
539	0	Yes	1911	1995	0	87	1	1	1940	1940
540	0	No 	1888	1971	0	42	0	3		1942
541	0	Yes	1904	1954	0	35	0	1		1936
542	0	Yes	1904	1971	0	78	0	0		
543	0	No 	1936	2001	1	41	2	4	1970	1970
544	0	Yes	1947	2001	1	45	0	5		1982
545	0	Yes	1924	1981	0	46	1	2	1952	1947
546	0	Yes	1925	2001	1	32	0	0		
547	0	No 	1908	1991	0	34	0	0		
548	0	Yes	1910	2001	1	55	0	1		1997
549	0	Yes	1897	1983	0	60	0	3		1928
550	0	No 	1923	2001	1	67	0	1		1960
551	0	Yes	1945	2001	1	30	1	2	1969	1969
552	0	Yes	1929	1982	0	18	1	2	1954	1953
553	0	Yes	1930	2001	1	14	0	0		
554	0	Yes	1883	1972	0	6	0	0		
555	0	Yes	1901	1947	0	10	0	1		1934
556	0	Yes	1903	1992	0	21	0	0		
557	1	Yes	1908	1995	0	148	0	0		
558	1	No 	1952	2001	1	24	0	1		1990
559	1	Yes	1907	1972	0	2	0	0		
560	0	Yes	1927	1985	0	10	0	1		1964
561	0	No 	1903	1996	0	29	1	7	1942	1939
562	1	Yes	1963	2001	1	5	0	1		1997
563	1	Yes	1939	2001	1	33	0	0		
564	1	No 	1908	1982	0	62	0	0		
565	1	Yes	1916	2001	1	69	1	5	1962	1945
566	1	Yes	1932	2001	1	35	0	0		
567	0	No 	1905	1990	0	35	0	4		1930
568	0	No 	1914	1993	0	9	0	0		
569	1	No 	1906	1973	0	60	0	0		
570	1	Yes	1907	1962	0	11	0	0		
571	1	No 	1940	1996	0	19	1	1	1984	1984
572	1	Yes	1925	2001	1	67	0	0		
573	1	Yes	1901	1992	0	132	0	0		
574	1	Yes	1896	1990	0	44	0	0		
575	1	No 	1928	2001	1	58	0	0		
576	1	Yes	1880	1952	0	82	0	0		
577	0	Yes	1953	2001	1	16	0	0		
578	1	No 	1902	1987	0	37	0	0		
579	1	No 	1914	2001	1	3	1	1	1946	1946
580	0	No 	1921	2001	1	8	0	0		
581	1	Yes	1942	2001	1	46	0	1		1985
582	1	Yes	1895	1967	0	41	0	0		
583	1	Yes	1905	1993	0	27	0	0		
584	1	Yes	1878	1947	0	161	0	1		1939
585	1	Yes	1891	1954	0	166	0	0		
586	1	Yes	1893	1958	0	13	0	0		
587	1	Yes	1866	1949	0	122	0	0		
588	1	Yes	1901	1985	0	25	0	0		
589	1	Yes	1887	1946	0	87	0	0		
590	1	Yes	1894	1966	0	29	0	0		
591	1	Yes	1939	2001	1	71	0	1		1991
592	0	Yes	1895	1952	0	85	1	1	1939	1939
593	1	No 	1876	1958	0	124	0	1		1937
594	0	Yes	1970	2001	1	25	0	0		
595	0	No 	1935	1994	0	11	0	0		
596	0	Yes	1897	1940	0	40	0	0		
597	0	Yes	1897	1990	0	73	0	0		
598	0	Yes	1937	2001	1	22	0	0		
599	0	Yes	1900	1993	0	45	2	2	1932	1932
600	0	Yes	1963	2001	1	38	1	1	1997	1997
601	0	No 	1946	2001	1	47	0	1		1994
602	0	No 	1951	2001	1	52	0	0		
603	0	Yes	1907	1999	0	43	0	0		
604	0	Yes	1928	1998	0	37	0	0		
605	0	No 	1966	2001	1	21	0	1		1992
606	1	No 	1940	2001	1	31	0	0		
607	1	Yes	1905	1982	0	125	1	2	1981	1940
608	1	Yes	1928	2001	1	88	0	0		
609	1	No 	1871	1956	0	89	0	0		
610	1	No 	1874	1965	0	52	0	1		1942
611	1	Yes	1902	1974	0	22	0	0		
612	1	No 	1883	1952	0	64	0	0		
613	1	No 	1898	1939	0	49	0	0		
614	1	Yes	1911	2001	1	29	0	0		
615	1	No 	1889	1947	0	91	0	0		
616	0	No 	1906	1986	0	46	0	1		1959
617	0	Yes	1890	1973	0	31	0	0		
618	0	No 	1939	2001	1	8	0	0		
619	0	Yes	1914	1999	0	74	0	0		
620	0	Yes	1958	2001	1	27	1	3	1993	1987
621	0	Yes	1897	1960	0	26	0	1		1950
622	0	Yes	1931	2001	1	37	0	1		1957
623	0	Yes	1901	1979	0	25	0	0		
624	1	Yes	1950	1996	0	26	0	1		1981
625	1	Yes	1899	1967	0	69	0	0		
626	1	No 	1912	1980	0	65	1	2	1959	1959
627	1	No 	1911	2001	1	51	0	1		1944
628	1	Yes	1899	1957	0	95	1	3	1951	1943
629	1	No 	1928	1999	0	73	0	1		1965
630	1	No 	1931	2001	1	56	0	1		1968
631	1	Yes	1896	1992	0	172	0	0		
632	0	No 	1899	1980	0	3	0	1		1966
633	0	Yes	1883	1964	0	62	0	0		
634	1	Yes	1947	2001	1	14	0	0		
635	0	Yes	1964	2001	1	19	0	0		
636	0	No 	1956	2001	1	12	0	0		
637	0	No 	1961	2001	1	14	0	0		
638	0	Yes	1932	2001	1	9	0	0		
639	0	No 	1915	1982	0	56	3	7	1944	1943
640	1	No 	1925	1994	0	80	0	0		
641	0	Yes	1890	1965	0	23	0	0		
642	0	Yes	1898	1990	0	42	0	5		1931
643	0	No 	1902	1987	0	111	0	0		
644	0	No 	1926	2001	1	50	0	0		
645	0	Yes	1930	1976	0	1	0	0		
646	0	No 	1905	1982	0	38	0	0		
647	0	Yes	1913	1972	0	69	0	0		
648	0	Yes	1917	2001	1	17	0	0		
649	0	Yes	1896	1968	0	53	0	0		
650	0	No 	1952	2001	1	29	0	0		
651	0	No 	1955	2001	1	26	0	2		1975
652	0	No 	1893	1981	0	62	0	0		
653	1	No 	1875	1951	0	94	0	0		
654	1	Yes	1897	1973	0	182	0	2		1943
655	1	Yes	1907	1981	0	56	1	1	1968	1968
656	1	Yes	1907	1990	0	32	0	1		1973
657	1	No 	1930	2001	1	24	0	0		
658	1	Yes	1888	1951	0	135	0	0		
659	1	Yes	1938	2001	1	28	0	0		
660	1	No 	1922	2001	1	76	0	1		1960
661	1	Yes	1903	1984	0	126	0	0		
662	1	Yes	1925	2001	1	75	2	8	1955	1955
663	1	Yes	1937	2001	1	63	3	11	1975	1969
664	1	Yes	1903	1978	0	91	0	1		1940
665	1	Yes	1920	2001	1	113	1	3	1991	1952
666	1	Yes	1892	1982	0	32	0	0		
667	1	Yes	1898	1980	0	10	0	0		
668	1	Yes	1920	2001	1	92	0	2		1975
669	1	Yes	1920	1982	0	38	0	0		
670	1	No 	1952	2001	1	10	0	1		1968
671	1	Yes	1923	2001	1	113	0	1		1931
672	1	Yes	1916	1987	0	90	0	1		1961
673	0	Yes	1922	1964	0	20	0	0		
674	1	No 	1961	2001	1	11	0	0		
675	1	Yes	1936	1993	0	18	0	0		
676	1	Yes	1939	2001	1	60	0	1		1972
677	1	Yes	1899	1986	0	79	1	3	1942	1938
678	1	Yes	1928	1987	0	29	0	1		1981
679	1	Yes	1940	2001	1	36	0	1		1995
680	1	Yes	1931	1955	0	25	0	2		1955
681	1	Yes	1901	1967	0	61	1	1	1945	1945
682	1	Yes	1931	2001	1	115	0	1		1970
683	1	Yes	1906	1976	0	262	0	0		
684	1	No 	1939	2001	1	60	0	0		
685	1	Yes	1928	2001	1	71	0	1		1957
686	1	Yes	1886	1959	0	134	0	1		1941
687	1	No 	1909	1984	0	138	0	3		1954
688	1	Yes	1922	2001	1	22	0	0		
689	1	Yes	1887	1940	0	8	0	0		
690	1	No 	1888	1941	0	38	0	1		1940
691	1	Yes	1908	1997	0	110	1	5	1940	1939
692	1	Yes	1943	2001	1	10	0	0		
693	1	No 	1933	2001	1	44	0	0		
694	1	Yes	1912	1971	0	51	0	0		
695	1	Yes	1921	2001	1	75	0	2		1949
696	1	Yes	1947	2001	1	65	0	2		1986
697	0	Yes	1917	2001	1	5	0	0		
698	0	Yes	1923	2001	1	39	0	1		1950
699	1	Yes	1944	2001	1	60	0	0		
700	0	Yes	1939	2001	1	44	0	4		1970
701	0	Yes	1880	1967	0	163	1	1	1940	1940
702	0	Yes	1937	2001	1	64	2	7	1971	1969
703	0	No 	1941	2001	1	14	0	0		
704	0	Yes	1912	2001	1	54	0	0		
705	0	Yes	1914	2001	1	82	1	4	1948	1946
706	0	Yes	1906	1984	0	37	3	4	1928	1928
707	0	Yes	1926	2001	1	68	0	1		1960
708	0	Yes	1943	1993	0	27	0	0		
709	0	No 	1939	2001	1	20	0	1		1971
710	0	Yes	1963	2001	1	18	0	0		
711	0	Yes	1930	1985	0	14	0	0		
712	1	Yes	1939	2001	1	23	0	1		1973
713	1	Yes	1922	2000	0	96	2	3	1976	1976
714	1	Yes	1900	1970	0	36	0	0		
715	1	Yes	1953	2001	1	36	0	0		
716	1	No 	1919	1980	0	84	0	0		
717	1	Yes	1965	2001	1	3	0	1		1992
718	0	Yes	1905	1991	0	68	0	1		1943
719	1	No 	1897	1975	0	73	0	0		
720	0	Yes	1896	1981	0	14	0	0		
721	0	Yes	1924	1977	0	25	0	1		1952
722	0	Yes	1926	2000	0	22	0	0		
723	0	No 	1929	2001	1	88	0	2		1948
724	0	No 	1933	2001	1	64	0	0		
725	1	No 	1932	2001	1	75	0	0		
726	0	Yes	1932	1967	0	3	0	0		
727	0	Yes	1922	1973	0	3	0	0		
728	0	Yes	1925	2001	1	41	0	1		1945
729	0	Yes	1894	1929	0	3	0	1		1929
730	0	Yes	1949	2001	1	11	0	1		1972
731	1	Yes	1949	2001	1	55	0	4		1971
732	1	Yes	1918	1961	0	49	0	1		1950
733	1	Yes	1944	2001	1	33	0	0		
734	0	Yes	1960	2001	1	9	0	0		
735	0	No 	1939	2001	1	12	0	0		
736	0	Yes	1962	2001	1	36	0	0		
737	0	Yes	1919	2001	1	27	1	5	1943	1943
738	0	No 	1958	2001	1	32	0	1		1994
739	1	No 	1944	2001	1	19	0	0		
740	1	No 	1948	2001	1	32	1	1	1990	1990
741	1	No 	1944	2001	1	49	0	0		
742	1	Yes	1935	2001	1	45	0	0		
743	0	Yes	1949	2001	1	26	2	6	1982	1982
744	0	No 	1909	1994	0	35	1	2	1989	1945
745	0	Yes	1864	1944	0	44	0	0		
746	0	Yes	1944	2001	1	45	0	2		1978
747	1	Yes	1913	1989	0	164	0	0		
748	1	Yes	1953	2001	1	23	0	0		
749	1	Yes	1922	2001	1	64	0	0		
750	0	Yes	1919	1996	0	17	1	1	1955	1955
751	0	Yes	1956	2001	1	23	0	3		1995
752	0	Yes	1906	1979	0	110	0	1		1951
753	0	Yes	1904	1977	0	99	1	3	1945	1945
754	0	Yes	1962	2001	1	26	0	2		1988
755	0	No 	1917	2001	1	54	1	3	1941	1940
756	0	No 	1921	1987	0	39	0	0		
757	0	Yes	1934	1983	0	32	0	1		1981
758	0	No 	1926	2001	1	12	0	1		1945
759	0	No 	1929	2001	1	41	0	1		1992
760	0	Yes	1929	1987	0	51	0	0		
761	0	Yes	1924	1977	0	6	0	0		
762	0	Yes	1931	2001	1	16	0	0		
763	0	Yes	1919	1978	0	27	0	0		
764	0	Yes	1902	1984	0	26	0	0		
765	0	Yes	1934	2001	1	16	0	0		
766	0	No 	1946	2001	1	23	0	0		
767	0	Yes	1923	1996	0	32	0	0		
768	0	Yes	1930	2001	1	54	1	4	1957	1957
769	0	Yes	1953	2001	1	37	0	0		
770	0	Yes	1923	1979	0	1	0	1		1966
771	0	Yes	1962	2001	1	46	2	4	1988	1976
772	1	Yes	1892	1973	0	69	0	0		
773	1	Yes	1944	2001	1	6	0	0		
774	1	Yes	1913	1980	0	1	0	0		
775	1	Yes	1920	2001	1	17	0	1		1955
776	1	Yes	1943	2001	1	30	1	2	1990	1980
777	1	Yes	1937	1989	0	52	0	0		
778	1	Yes	1932	2001	1	22	1	1	1972	1972
779	1	Yes	1933	1987	0	37	0	0		
780	1	Yes	1906	1947	0	45	0	0		
781	1	Yes	1941	2001	1	19	0	0		
782	1	No 	1901	1992	0	67	0	0		
783	1	Yes	1916	1989	0	19	0	0		
784	1	Yes	1914	1986	0	13	0	0		
785	1	Yes	1948	2001	1	29	0	0		
786	1	Yes	1929	1989	0	45	0	1		1967
787	1	Yes	1915	2001	1	14	0	0		
788	1	Yes	1918	1971	0	8	0	1		1945
789	1	Yes	1915	1992	0	121	0	0		
790	1	Yes	1940	2001	1	13	0	0		
791	1	Yes	1913	1952	0	42	0	2		1938
792	1	No 	1904	2000	0	117	1	2	1981	1964
793	1	Yes	1914	1955	0	36	0	0		
794	1	No 	1902	1988	0	60	1	1	1973	1973
795	1	No 	1940	2001	1	78	0	2		1978
796	1	Yes	1906	1987	0	109	0	1		1963
797	1	Yes	1906	1968	0	69	0	0		
798	1	No 	1914	1992	0	139	0	1		1949
799	1	Yes	1916	2000	0	60	0	0		
800	1	No 	1912	1983	0	119	0	0		
801	1	Yes	1945	2001	1	55	0	2		1982
802	1	No 	1898	1988	0	83	0	0		
803	1	No 	1940	2001	1	38	0	0		
804	1	Yes	1953	2001	1	41	0	2		1984
805	1	Yes	1907	1984	0	54	0	1		1970
806	1	Yes	1892	1960	0	170	0	0		
807	1	No 	1908	2001	1	121	1	1	1970	1970
808	1	Yes	1938	2001	1	47	0	0		
809	1	Yes	1937	2001	1	48	0	0		
810	1	No 	1899	1987	0	139	0	0		
811	1	Yes	1949	2001	1	55	0	0		
812	1	Yes	1944	2001	1	30	0	0		
813	1	Yes	1931	1995	0	35	0	0		
814	1	Yes	1954	2001	1	32	0	2		1977
815	1	No 	1935	2001	1	75	0	0		
816	1	Yes	1907	1979	0	212	1	2	1969	1949
817	1	No 	1937	2001	1	50	0	0		
818	1	Yes	1942	2001	1	5	0	0		
819	1	Yes	1957	2001	1	23	0	0		
820	1	Yes	1938	2001	1	35	1	3	1978	1969
821	1	No 	1909	1992	0	96	1	3	1950	1948
822	1	No 	1902	1982	0	66	0	0		
823	1	No 	1897	1975	0	59	0	0		
824	1	Yes	1927	2001	1	56	0	0		
825	1	Yes	1920	2001	1	60	0	0		
826	1	No 	1895	1964	0	53	1	1	1937	1937
827	0	Yes	1884	1957	0	5	1	1	1950	1950
828	1	Yes	1946	2001	1	34	0	0		
829	0	No 	1898	1993	0	31	0	0		
830	0	Yes	1907	1997	0	124	0	0		
831	0	Yes	1932	1987	0	29	0	0		
832	0	No 	1919	2001	1	8	0	2		1963
833	1	Yes	1947	1998	0	43	0	0		
834	0	Yes	1922	2001	1	30	0	1		1949
835	1	Yes	1935	2001	1	24	0	1		1980
836	1	Yes	1915	1974	0	19	0	0		
837	0	No 	1934	2001	1	28	1	3	1998	1986
838	0	No 	1898	1992	0	35	0	1		1940
839	0	No 	1912	1974	0	41	0	0		
840	0	No 	1955	2001	1	29	0	2		1984
841	0	Yes	1922	1969	0	60	0	2		1954
842	0	Yes	1922	1965	0	15	1	1	1950	1950
843	0	Yes	1967	2001	1	30	1	3	2000	1989
844	1	No 	1957	2001	1	40	0	0		
845	0	Yes	1961	2001	1	28	0	2		1997
846	0	No 	1935	2001	1	27	1	3	1964	1964
847	0	Yes	1930	1991	0	19	0	0		
848	0	Yes	1954	2001	1	31	0	0		
849	0	No 	1940	2001	1	38	1	3	1965	1965
850	0	Yes	1899	1989	0	33	0	0		
851	0	Yes	1946	2001	1	14	0	0		
852	0	Yes	1925	2001	1	64	0	1		1952
853	0	Yes	1940	2001	1	22	0	0		
854	0	No 	1950	2001	1	22	0	2		1983
855	0	No 	1964	2001	1	24	1	2	1996	1992
856	0	Yes	1975	2001	1	26	0	1		1991
857	0	Yes	1925	2001	1	62	0	0		
858	0	Yes	1914	2001	1	28	0	0		
859	1	Yes	1971	2001	1	6	0	1		1979
860	0	No 	1915	1967	0	16	0	0		
861	0	Yes	1942	2001	1	99	0	1		1970
862	0	Yes	1905	2001	1	41	0	0		
863	0	Yes	1923	1992	0	40	0	0		
864	1	Yes	1914	2001	1	76	1	2	1951	1951
865	0	Yes	1955	2001	1	19	0	0		
866	0	No 	1951	2001	1	34	0	1		1991
867	0	No 	1930	1993	0	43	0	0		
868	0	No 	1975	2001	1	6	0	2		1995
869	0	Yes	1954	2001	1	22	0	0		
870	0	Yes	1907	2001	1	65	4	12	1933	1933
871	0	Yes	1942	2001	1	39	0	1		1967
872	0	Yes	1901	1981	0	42	0	0		
873	0	Yes	1912	1983	0	3	0	0		
874	0	Yes	1919	2001	1	106	0	0		
875	0	Yes	1954	2001	1	52	0	1		1995
876	0	Yes	1954	2001	1	27	0	1		1985
877	0	Yes	1964	2001	1	28	0	0		
878	0	Yes	1948	2001	1	15	0	0		
879	0	Yes	1948	2001	1	37	1	2	1990	1986
880	0	No 	1900	1973	0	13	1	1	1943	1943
881	0	No 	1958	2001	1	8	0	0		
882	0	No 	1927	2001	1	39	0	1		1954
883	0	No 	1909	1980	0	31	0	0		
884	0	Yes	1914	1980	0	32	0	1		1968
885	0	Yes	1916	1988	0	28	0	0		
886	1	Yes	1956	2001	1	37	0	0		
887	1	No 	1926	2001	1	34	0	0		
888	0	Yes	1944	2001	1	11	0	0		
889	0	Yes	1957	2001	1	28	0	0		
890	1	Yes	1916	1978	0	2	0	0		
891	1	Yes	1895	1962	0	60	0	0		
892	1	No 	1960	2001	1	23	0	1		1989
893	1	No 	1944	2001	1	24	0	0		
894	1	Yes	1901	1972	0	114	0	0		
895	1	Yes	1934	1999	0	17	0	0		
896	1	Yes	1955	2001	1	37	0	1		1990
897	1	Yes	1947	2001	1	26	1	1	1988	1988
898	1	Yes	1914	2001	1	96	0	1		1951
899	1	Yes	1959	2001	1	33	2	2	1995	1995
900	0	Yes	1953	2001	1	32	1	1	1997	1997
901	0	Yes	1922	2001	1	48	1	1	1951	1951
902	0	No 	1921	2001	1	8	0	2		1964
903	1	Yes	1917	2001	1	13	0	0		
904	1	Yes	1916	2001	1	92	0	3		1949
905	1	No 	1894	1961	0	68	0	0		
906	0	Yes	1902	1954	0	30	0	0		
907	0	Yes	1944	2001	1	13	0	0		
908	1	No 	1944	2001	1	8	0	1		1985
909	0	No 	1960	2001	1	31	0	1		1996
910	1	Yes	1943	2001	1	35	0	0		
911	0	Yes	1890	1973	0	10	0	0		
912	0	Yes	1921	1995	0	59	0	1		1957
913	1	Yes	1943	2001	1	54	0	0		
914	1	Yes	1899	1972	0	224	0	0		
915	1	Yes	1936	2001	1	58	0	0		
916	0	Yes	1970	2001	1	35	0	0		
917	0	Yes	1917	2001	1	46	0	0		
918	1	Yes	1946	2001	1	14	0	0		
919	1	Yes	1915	1996	0	33	0	0		
920	1	Yes	1914	1975	0	43	0	1		1946
921	1	Yes	1881	1951	0	85	0	0		
922	0	Yes	1966	2001	1	27	0	1		1991
923	0	Yes	1924	2001	1	48	0	1		1948
924	1	Yes	1961	2001	1	39	0	1		1993
925	1	No 	1928	1973	0	57	0	1		1959
926	1	No 	1907	1989	0	117	1	10	1948	1939
927	1	No 	1953	2001	1	17	0	0		
928	1	Yes	1896	1960	0	7	0	1		1930
929	0	Yes	1887	1971	0	30	0	0		
930	0	Yes	1927	2001	1	74	1	4	1975	1951
931	1	Yes	1911	1976	0	75	0	2		1954
932	1	Yes	1924	1987	0	70	1	1	1965	1965
933	0	Yes	1906	1982	0	69	0	0		
934	0	Yes	1935	1991	0	61	0	1		1962
935	1	Yes	1926	1999	0	23	0	0		
936	1	No 	1899	1982	0	10	0	1		1974
937	1	Yes	1898	1968	0	38	0	1		1964
938	1	Yes	1908	1991	0	12	0	0		
939	1	Yes	1911	1986	0	94	0	0		
940	0	Yes	1945	2001	1	23	0	0		
941	0	Yes	1938	2001	1	26	0	0		
942	0	No 	1955	2001	1	19	0	1		1989
943	1	Yes	1905	1978	0	56	0	1		1947
944	1	No 	1920	2001	1	61	0	0		
945	1	No 	1938	1988	0	9	0	1		1971
946	1	No 	1926	1984	0	16	0	0		
947	1	Yes	1974	2001	1	13	0	1		1993
948	0	Yes	1923	1983	0	15	0	0		
949	0	Yes	1946	2001	1	48	0	1		1982
950	0	Yes	1958	2001	1	4	0	1		1977
951	0	No 	1931	2001	1	53	0	2		1953
952	1	No 	1902	1978	0	69	0	0		
953	1	No 	1893	1943	0	30	0	2		1933
954	1	Yes	1908	1996	0	103	0	1		1948
955	1	Yes	1878	1953	0	153	0	1		1929
956	1	No 	1952	2001	1	39	0	1		1993
957	0	No 	1918	2000	0	36	1	1	1964	1964
958	0	No 	1896	1994	0	19	0	1		1963
959	0	Yes	1899	1993	0	87	0	1		1946
960	0	Yes	1939	2001	1	25	0	1		1975
961	0	Yes	1959	2001	1	44	0	1		1973
962	0	Yes	1942	2001	1	8	0	0		
963	0	Yes	1945	2001	1	23	1	1	1983	1983
964	0	Yes	1900	1987	0	2	0	0		
965	0	Yes	1948	2001	1	32	0	1		1984
966	0	No 	1967	2001	1	4	0	0		
967	1	Yes	1878	1954	0	169	1	1	1931	1931
968	0	No 	1957	2001	1	37	0	0		
969	0	Yes	1961	2001	1	12	0	0		
970	0	Yes	1955	2001	1	26	0	0		
971	0	Yes	1908	2001	1	27	0	0		
972	0	No 	1939	2001	1	48	0	2		1972
973	0	Yes	1946	2001	1	36	1	2	1972	1969
974	1	No 	1924	2001	1	48	0	0		
975	1	Yes	1902	1985	0	111	0	0		
976	0	Yes	1950	2001	1	24	0	0		
977	0	Yes	1930	2001	1	35	0	0		
978	0	Yes	1913	2000	0	101	1	2	1947	1947
979	1	No 	1915	1987	0	108	0	0		
980	0	Yes	1954	2001	1	23	0	1		1990
981	0	No 	1900	1981	0	5	0	1		1961
982	1	Yes	1895	1956	0	71	0	1		1950
983	1	Yes	1936	2001	1	82	1	1	1982	1982
984	1	Yes	1918	2001	1	28	0	0		
985	0	Yes	1946	2001	1	19	0	0		
986	0	Yes	1902	1962	0	128	0	0		
987	0	Yes	1934	2001	1	56	1	1	1975	1975
988	0	Yes	1878	1965	0	41	0	1		1928
989	0	No 	1879	1962	0	36	0	1		1943
990	0	No 	1914	2001	1	12	2	2	1936	1936
991	1	Yes	1903	1984	0	33	0	0		
992	1	Yes	1905	1967	0	42	0	0		
993	0	Yes	1940	2001	1	14	0	0		
994	0	Yes	1930	2001	1	19	0	1		1968
995	0	No 	1887	1983	0	3	0	1		1932
996	0	No 	1943	2001	1	53	0	2		1966
997	0	No 	1963	2001	1	35	0	0		
998	1	Yes	1935	2001	1	115	0	0		
999	0	Yes	1901	1982	0	29	0	0		
1000	0	Yes	1942	1999	0	36	0	2		1973
1001	0	No 	1926	2001	1	15	0	0		
1002	0	Yes	1910	1992	0	82	0	0		
1003	0	No 	1895	1968	0	133	0	0		
1004	0	Yes	1928	1978	0	4	0	1		1953
1005	0	No 	1934	2001	1	35	2	5	1969	1964
1006	1	Yes	1933	2001	1	52	0	1		1966
1007	1	Yes	1907	1992	0	37	0	0		
1008	1	Yes	1910	2001	1	145	0	0		
1009	1	No 	1923	1996	0	121	0	3		1962
1010	0	Yes	1924	2001	1	37	0	0		
1011	0	Yes	1959	2001	1	44	0	1		1995
1012	0	Yes	1940	2001	1	29	0	1		1985
1013	0	No 	1923	1996	0	10	0	0		
1014	0	No 	1922	1976	0	32	0	1		1971
1015	0	No 	1906	1996	0	6	0	0		
1016	0	No 	1892	1972	0	47	1	1	1963	1963
1017	0	Yes	1911	1960	0	17	0	1		1938
1018	0	Yes	1950	2001	1	16	0	0		
1019	0	No 	1881	1956	0	20	0	1		1941
1020	0	Yes	1935	2001	1	45	0	0		
1021	0	Yes	1929	2001	1	8	0	0		
1022	0	No 	1876	1949	0	21	0	2		1936
1023	0	No 	1926	2001	1	50	0	0		
1024	0	Yes	1967	2001	1	7	0	1		1996
1025	0	No 	1869	1934	0	30	1	2	1931	1930
1026	0	No 	1922	2001	1	15	0	0		
1027	0	Yes	1898	1983	0	3	0	0		
1028	0	No 	1944	2001	1	36	0	1		1976
1029	0	No 	1944	2001	1	46	0	0		
1030	0	Yes	1961	2001	1	25	0	1		1979
1031	0	Yes	1924	1981	0	9	0	0		
1032	0	Yes	1920	2001	1	1	0	0		
1033	0	Yes	1916	1985	0	64	0	0		
1034	0	Yes	1947	2001	1	24	0	0		
1035	0	No 	1932	2001	1	17	0	1		1955
1036	0	Yes	1963	2001	1	11	0	0		
1037	1	No 	1912	1998	0	58	0	0		
1038	0	Yes	1900	1986	0	19	0	0		
1039	0	Yes	1890	1975	0	88	0	1		1947
1040	0	Yes	1889	1970	0	59	0	2		1931
1041	0	Yes	1938	2001	1	8	0	0		
1042	0	Yes	1965	2001	1	9	1	1	1986	1986
1043	0	No 	1904	1992	0	50	0	1		1931
1044	1	Yes	1924	2001	1	45	2	8	1954	1951
1045	0	Yes	1931	2001	1	6	0	0		
1046	0	Yes	1917	2001	1	74	0	0		
1047	0	Yes	1942	2001	1	23	0	4		1973
1048	1	Yes	1896	1971	0	25	0	0		
1049	0	Yes	1924	2001	1	76	0	1		1958
1050	0	Yes	1914	2001	1	40	0	1		1940
1051	0	Yes	1907	1983	0	29	0	0		
1052	1	Yes	1919	1996	0	104	1	1	1965	1965
1053	1	No 	1918	2001	1	76	0	0		
1054	1	Yes	1928	2001	1	82	1	3	1994	1988
1055	1	Yes	1942	2001	1	53	0	0		
1056	0	Yes	1920	2001	1	30	0	0		
1057	0	Yes	1906	1987	0	118	1	1	1941	1931
1058	0	Yes	1952	2001	1	3	0	1		1962
1059	0	Yes	1948	2001	1	20	0	0		
1060	0	Yes	1907	2001	1	45	0	0		
1061	0	Yes	1958	2001	1	13	0	1		1986
1062	0	Yes	1905	1969	0	127	0	0		
1063	0	No 	1882	1963	0	181	0	0		
1064	0	Yes	1947	2001	1	45	0	0		
1065	0	Yes	1899	1985	0	60	0	0		
1066	0	Yes	1923	1980	0	13	0	0		
1067	0	Yes	1952	2001	1	14	0	2		1990
1068	0	No 	1893	1979	0	208	1	1	1929	1929
1069	0	Yes	1953	2001	1	35	1	1	1980	1980
1070	0	Yes	1907	1989	0	122	0	0		
1071	0	Yes	1936	2001	1	37	0	1		1980
1072	0	No 	1933	1975	0	10	0	1		1960
1073	0	Yes	1964	2001	1	16	0	0		
1074	1	No 	1918	2001	1	54	0	0		
1075	1	Yes	1953	1994	0	10	0	1		1995
1076	1	Yes	1971	2001	1	13	0	1		1997
1077	0	No 	1875	1960	0	103	0	0		
1078	0	No 	1946	2001	1	14	0	0		
1079	0	Yes	1952	2001	1	3	0	0		
1080	0	Yes	1925	2001	1	46	1	4	1981	1958
1081	1	Yes	1891	1938	0	58	0	0		
1082	1	No 	1888	1972	0	52	0	2		1930
1083	1	Yes	1910	1985	0	7	0	0		
1084	1	No 	1929	2001	1	97	0	1		1988
1085	1	No 	1901	1975	0	105	0	0		
1086	1	No 	1930	2001	1	58	1	3	1961	1961
1087	0	Yes	1916	1990	0	12	0	0		
1088	0	No 	1858	1942	0	63	0	1		1933
1089	0	No 	1865	1948	0	29	0	2		1937
1090	0	No 	1923	2001	1	8	0	0		
1091	0	Yes	1960	2001	1	20	0	1		1985
1092	1	Yes	1926	2001	1	32	0	0		
1093	0	Yes	1957	2001	1	37	0	1		1988
1094	0	Yes	1952	2001	1	27	0	0		
1095	0	No 	1920	1994	0	18	0	1		1960
1096	0	Yes	1939	2001	1	35	0	2		1977
1097	0	Yes	1951	2001	1	5	0	0		
1098	0	Yes	1957	2001	1	14	0	0		
1099	1	Yes	1901	1981	0	90	2	3	1963	1963
1100	0	Yes	1918	2001	1	33	1	2	1949	1949
1101	0	Yes	1954	2001	1	20	1	1	1991	1991
1102	0	No 	1911	1979	0	54	0	1		1935
1103	0	Yes	1949	2001	1	44	2	12	1979	1978
1104	1	No 	1905	1967	0	134	0	1		1936
1105	1	Yes	1922	2001	1	85	0	0		
1106	1	No 	1933	2001	1	96	2	5	1986	1966
1107	1	Yes	1935	2001	1	38	0	0		
1108	1	No 	1891	1955	0	13	0	1		1945
1109	1	Yes	1925	2001	1	49	0	0		
1110	1	Yes	1927	2001	1	63	0	0		
1111	1	Yes	1944	2001	1	39	1	1	1987	1987
1112	1	Yes	1934	1973	0	22	0	1		1965
1113	1	Yes	1922	2001	1	42	0	0		
1114	1	No 	1911	1995	0	122	0	0		
1115	1	Yes	1939	2001	1	51	0	1		1967
1116	1	Yes	1952	2001	1	21	0	0		
1117	1	Yes	1941	2001	1	73	0	1		1991
1118	1	Yes	1931	2001	1	30	0	0		
1119	1	No 	1957	2001	1	13	0	0		
1120	1	No 	1889	1975	0	62	0	0		
1121	1	Yes	1925	2001	1	14	0	0		
1122	1	Yes	1941	2001	1	33	0	0		
1123	1	Yes	1955	2001	1	30	0	1		1980
1124	1	Yes	1938	2001	1	60	0	0		
1125	1	No 	1908	1985	0	63	0	1		1947
1126	1	Yes	1907	1961	0	50	0	0		
1127	1	No 	1921	2001	1	4	0	0		
1128	1	Yes	1923	1995	0	30	0	1		1974
1129	1	No 	1935	2001	0	23	0	0		
1130	0	Yes	1957	2001	1	31	0	3		1988
1131	1	Yes	1920	2001	1	205	0	4		1939
1132	1	Yes	1920	1985	0	32	0	0		
1133	1	Yes	1939	2001	1	40	0	0		
1134	1	No 	1948	2001	1	18	0	1		1977
1135	0	Yes	1904	1991	0	38	0	2		1951
1136	0	Yes	1908	1994	0	36	0	1		1967
1137	0	No 	1900	1980	0	1	0	1		1938
1138	1	No 	1900	1953	0	26	0	0		
1139	1	No 	1926	2001	1	40	0	0		
1140	0	Yes	1896	1966	0	160	0	0		
1141	0	Yes	1892	1973	0	78	0	0		
1142	0	No 	1972	2001	1	9	0	1		1997
1143	0	Yes	1967	2001	1	15	1	1	1995	1995
1144	0	No 	1958	2001	1	29	0	2		1992
1145	0	Yes	1902	1984	0	37	0	1		1935
1146	0	No 	1925	2001	1	26	0	0		
1147	0	Yes	1964	2001	1	20	1	1	1992	1992
1148	0	No 	1929	2001	1	5	1	1	1957	1957
1149	0	No 	1910	2001	1	52	0	0		
1150	0	Yes	1906	1977	0	20	0	0		
1151	0	Yes	1926	2001	1	38	0	0		
1152	0	No 	1903	1988	0	49	0	0		
1153	1	No 	1877	1943	0	143	0	0		
1154	1	Yes	1890	1963	0	215	0	0		
1155	1	Yes	1920	1966	0	20	0	4		1948
1156	1	Yes	1888	1963	0	28	0	2		1942
1157	1	Yes	1937	2001	1	44	0	3		1987
1158	1	Yes	1889	1954	0	100	0	0		
1159	1	Yes	1929	1993	0	45	0	0		
1160	1	No 	1932	2001	1	41	0	0		
1161	0	Yes	1939	1973	0	6	0	0		
1162	0	Yes	1905	1993	0	127	0	0		
1163	0	No 	1905	1992	0	11	0	0		
1164	0	Yes	1888	1955	0	99	0	0		
1165	0	Yes	1950	2001	1	26	0	0		
1166	0	Yes	1920	1989	0	7	0	0		
1167	0	Yes	1906	1965	0	40	0	1		1930
1168	0	Yes	1926	2001	1	39	0	0		
1169	0	Yes	1960	2001	1	9	0	0		
1170	0	Yes	1921	1995	0	33	0	1		1956
1171	0	Yes	1921	1991	0	32	0	0		
1172	0	Yes	1928	2000	0	30	0	0		
1173	0	Yes	1928	2001	1	18	0	1		1950
1174	0	No 	1934	2001	1	31	0	0		
1175	0	Yes	1905	1991	0	19	0	0		
1176	0	Yes	1900	1991	0	36	0	0		
1177	0	Yes	1938	1981	0	61	0	3		1955
1178	0	No 	1963	2001	1	16	0	0		
1179	1	Yes	1937	2001	1	110	0	1		1976
1180	1	No 	1905	1984	0	57	0	0		
1181	1	No 	1920	2001	1	63	0	0		
1182	1	Yes	1905	1966	0	146	0	0		
1183	1	Yes	1921	1992	0	67	0	0		
1184	1	Yes	1931	1968	0	35	0	1		1963
1185	1	Yes	1940	2001	1	40	0	2		1991
1186	0	No 	1945	2001	1	13	0	0		
1187	1	Yes	1964	2001	1	34	1	1	1995	1995
1188	1	No 	1928	2001	1	55	0	0		
1189	1	No 	1929	2001	1	32	0	1		1994
1190	0	No 	1924	2001	1	60	0	1		1954
1191	0	Yes	1952	2001	1	10	0	0		
1192	1	Yes	1930	2001	1	1	0	1		1984
1193	0	No 	1941	2001	1	12	0	1		1987
1194	0	No 	1900	1983	0	52	1	6	1930	1930
1195	0	No 	1898	1989	0	80	0	0		
1196	1	Yes	1879	1956	0	17	0	0		
1197	1	No 	1905	1989	0	33	0	0		
1198	0	Yes	1902	1970	0	50	0	0		
1199	1	Yes	1894	1965	0	6	0	0		
1200	1	Yes	1896	1959	0	144	0	0		
1201	1	Yes	1892	1957	0	183	0	0		
1202	0	Yes	1942	2001	1	17	0	0		
1203	0	No 	1916	2001	1	60	2	5	1946	1939
1204	0	Yes	1931	2001	1	42	1	1	1987	1987
1205	1	No 	1932	2001	1	60	0	1		1962
1206	0	Yes	1906	1955	0	20	0	0		
1207	0	Yes	1954	2001	1	11	0	1		1985
1208	1	Yes	1928	2001	1	15	0	0		
1209	1	Yes	1915	1985	0	146	0	1		1941
1210	1	No 	1901	1978	0	48	0	1		1948
1211	1	No 	1922	1984	0	20	0	1		1965
1212	0	Yes	1888	1972	0	56	0	0		
1213	1	No 	1906	1988	0	62	0	0		
1214	0	Yes	1957	2001	1	16	0	0		
1215	1	Yes	1903	1970	0	113	0	0		
1216	1	Yes	1923	2001	1	93	0	0		
1217	0	Yes	1892	1974	0	8	0	1		1941
1218	0	Yes	1921	2001	1	8	0	0		
1219	0	Yes	1926	2001	1	49	1	2	1963	1961
1220	0	No 	1925	2000	0	34	0	0		
1221	0	No 	1934	2001	1	24	0	0		
1222	0	Yes	1946	2001	1	65	1	1	1962	1962
1223	0	Yes	1945	2001	1	21	0	1		1956
1224	1	Yes	1944	2001	1	48	0	0		
1225	1	Yes	1920	1986	0	55	0	0		
1226	1	Yes	1952	2001	1	35	0	0		
1227	1	No 	1895	1971	0	87	1	1	1943	1943
1228	1	Yes	1936	2001	1	25	0	0		
1229	1	Yes	1939	2001	1	24	0	0		
1230	1	No 	1895	1967	0	23	1	6	1936	1929
1231	1	Yes	1925	2001	1	78	1	8	1986	1958
1232	1	Yes	1922	2001	1	59	0	0		
1233	1	No 	1963	2001	1	11	0	0		
1234	1	No 	1878	1954	0	16	0	0		
1235	1	No 	1922	2001	1	28	1	2	1966	1966
1236	1	Yes	1908	1986	0	47	0	0		
1237	1	Yes	1941	2001	1	65	0	1		1972
1238	0	Yes	1911	1990	0	47	0	1		1943
1239	0	No 	1965	2001	1	7	0	0		
1240	0	No 	1940	2001	1	7	0	1		1989
1241	0	Yes	1918	1990	0	17	0	0		
1242	0	No 	1907	1991	0	20	1	1	1984	1984
1243	0	Yes	1925	1999	0	11	0	1		1958
1244	0	Yes	1920	2001	1	23	0	1		1955
1245	0	Yes	1892	1978	0	23	0	1		1965
1246	0	Yes	1915	1982	0	11	0	0		
1247	0	Yes	1949	2001	1	18	0	1		1978
1248	0	Yes	1940	2001	1	23	0	0		
1249	0	Yes	1916	2001	1	20	0	0		
1250	1	No 	1920	1992	0	63	0	0		
1251	1	Yes	1945	2001	1	27	0	1		1993
1252	1	No 	1920	1983	0	43	0	0		
1253	1	No 	1912	1984	0	61	0	0		
1254	1	Yes	1922	1995	0	10	0	0		
1255	1	No 	1913	1994	0	108	0	0		
1256	1	Yes	1927	2001	1	98	0	2		1960
1257	1	No 	1916	1977	0	49	1	2	1976	1971
1258	1	No 	1953	2001	1	24	0	1		1977
1259	1	Yes	1939	2001	1	53	0	1		1997
1260	1	Yes	1917	1996	0	40	0	0		
1261	1	No 	1946	2001	1	5	0	0		
1262	1	No 	1932	2001	1	57	0	7		1962
1263	1	No 	1925	1980	0	70	0	2		1964
1264	1	Yes	1912	1968	0	34	0	0		
1265	1	No 	1921	2001	1	93	2	3	1960	1951
1267	1	Yes	1913	1985	0	9	0	0		
1268	1	Yes	1894	1974	0	64	0	0		
1269	1	Yes	1932	2001	1	35	0	0		
1270	1	Yes	1930	2001	1	38	0	0		
1271	1	Yes	1925	2001	1	49	0	0		
1272	1	No 	1905	1975	0	24	0	0		
1273	1	No 	1930	2001	1	123	0	0		
1274	1	Yes	1890	1981	0	118	0	0		
1275	0	Yes	1920	1993	0	5	0	0		
1276	0	No 	1938	2001	1	2	0	0		
1277	1	Yes	1887	1960	0	290	0	0		
1278	0	Yes	1932	2001	1	63	0	3		1961
1279	0	Yes	1956	2001	1	26	0	0		
1280	1	Yes	1888	1953	0	66	0	0		
1281	1	Yes	1949	2001	1	33	0	0		
1282	0	Yes	1915	1960	0	23	0	0		
1283	0	No 	1932	2001	1	33	0	0		
1284	0	Yes	1908	1978	0	30	0	0		
1285	0	Yes	1967	2001	1	5	0	1		1977
1286	1	Yes	1944	2001	1	33	0	0		
1287	0	No 	1927	1980	0	32	0	1		1963
1288	1	Yes	1899	1974	0	80	0	0		
1289	1	Yes	1904	1991	0	137	0	1		1937
1290	1	No 	1962	2001	1	9	0	2		1993
1291	1	Yes	1916	1987	0	26	0	0		
1292	1	No 	1902	1983	0	70	0	2		1949
1293	1	Yes	1899	1963	0	119	0	0		
1294	1	Yes	1918	2001	1	47	0	0		
1295	1	Yes	1953	2001	1	65	0	1		1973
1296	1	No 	1940	1995	0	42	0	0		
1297	1	Yes	1890	1965	0	80	0	0		
1298	1	No 	1926	1989	0	31	0	0		
1299	1	No 	1908	1986	0	153	1	1	1945	1945
1300	1	Yes	1902	1976	0	168	0	0		
1301	1	Yes	1905	1980	0	48	0	0		
1302	1	No 	1896	1983	0	55	0	1		1940
1303	1	Yes	1895	1981	0	32	0	0		
1304	1	Yes	1919	2001	1	43	1	1	1957	1957
1305	1	No 	1903	1980	0	54	0	0		
1306	1	Yes	1901	1991	0	172	0	0		
1307	0	Yes	1937	2001	1	13	0	0		
1308	1	Yes	1939	2001	1	27	0	0		
1309	1	No 	1908	1990	0	52	1	2	1964	1963
1310	1	No 	1920	2001	1	82	0	0		
1311	1	Yes	1899	1976	0	142	0	0		
1312	1	Yes	1895	1963	0	65	0	2		1928
1313	1	No 	1925	1984	0	70	0	7		1952
1314	1	Yes	1931	1988	0	8	0	1		1970
1315	1	Yes	1935	2001	1	50	0	0		
1316	1	Yes	1894	1949	0	97	0	1		1931
1317	1	Yes	1947	2001	1	48	1	2	1977	1977
1318	1	Yes	1929	2001	1	45	0	0		
1319	1	Yes	1920	2000	0	55	0	2		1978
1320	1	No 	1932	2001	1	62	0	2		1963
1321	1	Yes	1926	1997	0	94	0	1		1971
1322	1	Yes	1928	2001	1	106	0	0		
1323	1	No 	1918	2001	1	39	0	0		
1324	1	No 	1919	2001	1	55	0	1		1949
1325	1	Yes	1914	2001	1	81	0	1		1947
1326	1	Yes	1954	2001	1	36	0	0		
1327	1	Yes	1956	1995	0	15	0	0		
1328	1	Yes	1931	2001	1	106	0	1		1983
1329	0	Yes	1918	1987	0	67	0	0		
1330	0	No 	1931	2001	1	54	1	1	1961	1961
1331	1	Yes	1970	1993	0	17	0	1		1988
1332	1	No 	1950	2001	1	37	0	0		
1333	1	Yes	1923	1978	0	13	0	0		
1334	1	Yes	1943	2001	1	61	2	6	1974	1974
1335	1	No 	1905	1958	0	22	1	2	1939	1938
1336	1	Yes	1965	2001	1	39	0	1		1992
1337	1	Yes	1930	2001	1	88	1	6	1983	1972
1338	1	Yes	1885	1962	0	117	0	0		
1339	1	Yes	1883	1981	0	124	0	0		
1340	1	Yes	1941	2001	1	1	0	1		1997
1341	1	No 	1925	2001	1	38	0	0		
1342	1	No 	1951	2001	1	37	0	0		
1343	1	Yes	1917	1979	0	44	0	0		
1344	1	Yes	1930	2001	1	78	0	1		1985
1345	1	Yes	1917	1997	0	150	0	1		1945
1346	1	Yes	1904	1981	0	69	0	2		1937
1347	1	No 	1908	1992	0	92	0	1		1938
1348	1	Yes	1955	2001	1	19	0	0		
1349	1	Yes	1917	1987	0	58	0	1		1982
1350	1	Yes	1937	2001	1	56	0	1		1973
1351	1	Yes	1932	1993	0	46	0	0		
1352	1	Yes	1909	1973	0	72	0	1		1947
1353	1	Yes	1927	1978	0	1	0	1		1966
1354	1	Yes	1919	2001	1	96	0	1		1956
1355	1	Yes	1913	1975	0	37	0	1		1953
1356	1	Yes	1932	2001	1	124	0	1		1959
1357	1	Yes	1951	2001	1	18	0	0		
1358	1	Yes	1907	1998	0	111	0	0		
1359	1	Yes	1924	2001	1	28	0	0		
1360	1	Yes	1952	2001	1	69	1	4	1997	1987
1361	0	No 	1950	2001	1	15	0	0		
1362	1	Yes	1925	1985	0	87	0	1		1956
1363	1	Yes	1925	2001	1	109	1	3	1967	1954
1364	1	No 	1906	1976	0	31	0	0		
1365	1	No 	1887	1953	0	68	0	1		1937
1366	1	No 	1924	2001	1	34	0	1		1968
1367	1	Yes	1946	2001	1	43	0	0		
1368	0	No 	1926	2001	1	28	0	0		
1369	1	Yes	1942	2001	1	23	0	0		
1370	1	No 	1891	1958	0	56	1	4	1947	1930
1371	0	Yes	1946	2001	1	19	0	1		1975
1372	0	Yes	1934	2001	1	4	0	0		
1373	0	Yes	1938	1995	0	31	0	0		
1374	0	No 	1884	1959	0	17	0	0		
1375	0	Yes	1908	1976	0	54	0	4		1942
1376	0	Yes	1959	2001	1	48	0	0		
1377	1	Yes	1892	1962	0	96	0	0		
1378	1	Yes	1925	2001	1	48	0	0		
1379	0	Yes	1932	2001	1	15	0	0		
1380	0	Yes	1906	2000	0	43	0	0		
1381	0	Yes	1875	1955	0	17	0	0		
1382	0	Yes	1913	2001	0	50	0	0		
1383	0	No 	1930	2001	1	16	0	1		1994
1384	0	No 	1925	2001	1	24	0	0		
1385	1	No 	1942	2001	1	24	0	0		
1386	0	Yes	1964	2001	1	10	0	1		1993
1387	0	Yes	1929	1995	0	5	0	0		
1388	1	Yes	1900	1975	0	93	0	0		
1389	1	Yes	1935	2001	1	42	0	2		1971
1390	1	Yes	1900	1969	0	5	0	0		
1391	0	Yes	1899	1987	0	20	0	0		
1392	1	Yes	1895	1987	0	15	0	0		
1393	1	Yes	1913	1982	0	18	0	0		
1394	1	Yes	1927	1973	0	7	0	1		1969
1395	1	Yes	1934	2001	1	62	0	1		1957
1396	1	Yes	1897	1965	0	25	0	0		
1397	0	Yes	1893	1961	0	27	0	2		1929
1398	0	Yes	1896	1985	0	39	1	2	1968	1965
1399	0	Yes	1914	2001	1	44	0	1		1940
1400	1	Yes	1941	2001	1	27	0	1		1970
1401	1	Yes	1939	1976	0	36	0	2		1955
1402	0	Yes	1908	1978	0	64	0	0		
1403	0	Yes	1946	2001	1	37	2	2	1979	1979
1404	0	Yes	1938	2001	1	62	0	1		1970
1405	0	Yes	1944	2001	1	68	0	1		1973
1406	1	No 	1900	1969	0	6	0	0		
1407	1	Yes	1891	1984	0	45	0	1		1950
1408	1	Yes	1943	2001	1	28	0	1		1983
1409	1	Yes	1940	2001	1	69	0	1		1984
1410	0	No 	1939	2001	1	45	0	1		1965
1411	0	No 	1943	2001	1	3	0	0		
1412	0	Yes	1970	2001	1	19	0	0		
1413	1	Yes	1948	2001	1	50	0	1		1989
1414	0	Yes	1937	1992	0	25	1	1	1966	1966
1415	0	No 	1879	1950	0	50	0	1		1941
1416	0	No 	1941	2001	1	33	0	1		1970
1417	1	Yes	1924	1985	0	78	0	0		
1418	1	No 	1930	2001	1	74	1	1	1987	1987
1419	1	Yes	1960	2001	1	33	0	2		1995
1420	1	No 	1889	1973	0	37	0	1		1957
1421	1	Yes	1940	1986	0	17	0	0		
1422	1	Yes	1935	2001	1	75	0	1		1968
1423	0	No 	1957	2001	1	40	0	0		
1424	0	Yes	1957	2001	1	38	0	1		1995
1425	1	Yes	1924	2001	1	6	0	0		
1426	1	Yes	1907	1997	0	75	0	0		
1427	0	Yes	1949	2001	1	34	0	0		
1428	0	Yes	1922	2001	1	131	2	4	1959	1951
1429	0	Yes	1907	1992	0	8	1	1	1952	1952
1430	0	Yes	1934	2001	1	43	1	1	1952	1960
1431	0	Yes	1937	2001	1	56	0	2		1960
1432	0	Yes	1934	2001	1	57	1	5	1983	1958
1433	1	Yes	1939	2001	1	43	0	0		
1434	1	Yes	1895	1962	0	175	0	0		
1435	1	No 	1913	1976	0	121	0	0		
1436	1	Yes	1924	2001	1	56	1	2	1963	1958
1437	0	Yes	1949	2001	1	27	0	3		1983
1438	1	No 	1949	2001	1	23	0	0		
1439	0	No 	1921	1985	0	64	1	2	1959	1959
1440	0	Yes	1949	2001	1	36	1	5	1980	1976
1441	1	No 	1886	1962	0	90	0	0		
1442	0	Yes	1947	2001	1	25	0	1		1968
1443	0	No 	1934	2001	1	86	1	2	1961	1961
1444	1	Yes	1900	1967	0	79	2	9	1937	1936
1445	0	Yes	1893	1971	0	99	0	1		1938
1446	0	Yes	1954	2001	1	10	0	0		
1447	0	Yes	1941	2001	1	71	0	0		
1448	1	Yes	1931	1991	0	27	0	0		
1449	1	No 	1890	1982	0	66	0	1		1964
1450	1	Yes	1926	2001	1	29	0	0		
1451	0	Yes	1937	2001	1	5	0	0		
1452	0	Yes	1936	2001	1	85	0	0		
1453	1	No 	1951	2001	1	36	0	0		
1454	1	No 	1943	2001	1	29	0	1		1992
1455	1	Yes	1921	2000	0	62	0	0		
1456	1	Yes	1958	2001	1	50	0	0		
1457	1	Yes	1930	1980	0	40	0	1		1966
1458	0	Yes	1944	2001	1	40	0	1		1993
1459	1	Yes	1903	1967	0	1	0	1		1936
1460	1	Yes	1946	2001	1	36	0	0		
1461	1	Yes	1928	2001	1	121	0	1		1961
1462	0	Yes	1945	2001	1	29	0	0		
1463	0	Yes	1918	1975	0	65	1	5	1958	1947
1464	0	Yes	1946	1984	0	6	0	0		
1465	0	Yes	1936	2001	1	10	0	1		1959
1466	0	Yes	1937	1990	0	28	0	0		
1467	0	Yes	1921	1952	0	18	0	1		1942
1468	0	Yes	1946	2001	1	54	1	5	1995	1981
1469	0	Yes	1946	2001	1	51	0	1		1972
1470	0	No 	1941	2001	1	64	0	1		1969
1471	0	Yes	1958	2001	1	20	0	0		
1472	0	Yes	1944	2001	1	32	0	0		
1473	1	No 	1879	1954	0	26	0	1		1941
1474	1	Yes	1934	2001	1	36	0	0		
1475	1	Yes	1946	2001	1	40	0	1		1976
1476	0	Yes	1926	2001	1	28	0	2		1969
1477	0	Yes	1910	1999	0	60	0	1		1937
1478	1	No 	1884	1955	0	46	0	0		
1479	1	Yes	1940	2001	1	11	0	0		
1480	0	No 	1908	1959	0	36	0	0		
1481	0	Yes	1946	2001	1	34	0	2		1974
1482	0	Yes	1897	1983	0	18	0	0		
1483	0	Yes	1940	1998	0	2	0	0		
1484	0	Yes	1963	2001	1	11	1	1	1973	1973
1485	1	Yes	1935	1996	0	13	0	0		
1486	1	Yes	1924	1994	0	97	0	1		1962
1487	1	No 	1939	2001	1	42	0	1		1962
1488	0	Yes	1918	2001	1	41	1	3	1942	1941
1489	0	Yes	1949	2001	1	76	0	1		1977
1490	0	Yes	1956	2001	1	19	0	0		
1491	0	Yes	1929	2001	1	53	0	1		1944
1492	1	Yes	1952	2001	1	51	0	0		
1493	0	Yes	1950	2001	1	32	0	1		1983
1494	1	Yes	1926	1978	0	24	0	0		
1495	0	Yes	1905	1969	0	33	0	6		1950
1496	1	No 	1924	2001	1	68	0	1		1958
1497	0	Yes	1910	1985	0	42	0	0		
1498	0	Yes	1955	2001	1	12	0	0		
1499	1	Yes	1905	1971	0	58	0	1		1947
1500	1	Yes	1892	1962	0	73	1	2	1939	1937
1501	1	Yes	1914	1986	0	7	0	0		
1502	1	No 	1961	2001	1	30	0	1		1995
1503	1	Yes	1951	2001	1	48	0	0		
1504	1	Yes	1960	2001	1	33	1	1	1980	1980
1505	0	Yes	1938	2001	1	30	0	0		
1506	0	Yes	1955	2001	1	14	0	0		
1507	1	Yes	1956	2001	1	15	0	0		
1508	1	Yes	1950	2001	1	38	0	1		1986
1509	1	No 	1941	2001	1	31	0	1		1983
1510	1	No 	1937	2001	1	20	0	2		1965
1511	1	Yes	1962	2001	1	25	0	3		1989
1512	1	Yes	1956	2001	1	46	2	5	1993	1988
1513	1	Yes	1953	2001	1	19	0	1		1984
1514	1	Yes	1928	1991	0	16	0	0		
1515	1	Yes	1908	1982	0	50	0	1		1954
1516	1	No 	1937	2001	1	60	0	0		
1517	1	Yes	1946	2001	1	46	1	2	1993	1970
1518	1	Yes	1925	2001	1	132	0	1		1958
1519	1	Yes	1936	2001	1	48	0	0		
1520	1	Yes	1939	2001	1	30	0	0		
1521	1	Yes	1935	2001	1	1	0	1		1971
1522	0	No 	1959	2001	1	15	0	0		
1523	1	Yes	1942	2001	1	49	0	0		
1524	0	No 	1964	2001	1	15	0	0		
1525	1	No 	1916	1988	0	103	0	1		1960
1526	1	Yes	1935	1988	0	1	0	0		
1527	0	Yes	1943	2001	1	39	0	1		1977
1528	0	No 	1934	2001	1	13	0	0		
1529	0	Yes	1970	2001	1	21	0	1		1994
1530	0	Yes	1903	1986	0	94	0	1		1952
1531	0	No 	1906	1973	0	28	0	0		
1532	0	No 	1924	2001	1	53	0	1		1974
1533	0	Yes	1940	2001	1	35	0	0		
1534	0	Yes	1944	2001	1	28	0	1		1974
1535	1	Yes	1910	1971	0	60	1	1	1942	1942
1536	0	No 	1918	1990	0	32	0	0		
1537	0	No 	1928	1999	0	20	0	0		
1538	0	No 	1937	2001	1	70	1	6	1977	1966
1539	0	Yes	1929	2001	1	90	0	0		
1540	1	Yes	1938	1982	0	40	0	1		1962
1541	1	Yes	1934	1989	0	28	0	0		
1542	1	Yes	1897	1979	0	102	0	0		
1543	1	Yes	1913	1999	0	58	0	0		
1544	1	No 	1883	1959	0	99	1	2	1935	1935
1545	1	Yes	1925	2001	1	18	0	0		
1546	1	No 	1933	2001	1	26	0	0		
1547	1	Yes	1914	1958	0	16	0	0		
1548	1	No 	1922	1992	0	46	0	2		1961
1549	1	No 	1964	2001	1	18	0	0		
1550	0	Yes	1894	1979	0	122	0	0		
1551	0	Yes	1910	1982	0	74	0	0		
1552	0	Yes	1925	2001	1	31	0	0		
1553	0	Yes	1917	1996	0	54	0	0		
1554	0	Yes	1919	1986	0	19	0	0		
1555	0	Yes	1917	1986	0	45	0	0		
1556	0	Yes	1917	2001	1	93	0	0		
1557	0	Yes	1924	1984	0	24	0	0		
1558	0	Yes	1925	2001	1	13	0	0		
1559	1	No 	1894	1974	0	109	0	1		1957
1560	0	No 	1933	2001	1	14	0	0		
1561	0	No 	1913	1967	0	17	2	2	1939	1939
1562	0	No 	1929	1982	0	11	0	1		1966
1563	0	Yes	1900	1961	0	32	0	0		
1564	1	Yes	1885	1949	0	114	1	2	1932	1930
1565	1	Yes	1894	1974	0	148	3	4	1936	1936
1566	1	Yes	1909	1984	0	25	0	0		
1567	1	Yes	1906	2001	1	11	0	0		
1568	1	No 	1884	1950	0	52	1	4	1938	1936
1569	1	Yes	1920	2000	0	75	1	3	1966	1966
1570	1	No 	1897	1984	0	116	0	2		1942
1571	1	Yes	1889	1951	0	97	1	1	1929	1929
1572	1	Yes	1938	2001	1	26	0	4		1967
1573	1	Yes	1934	1974	0	15	0	0		
1574	1	Yes	1927	2001	1	20	0	0		
1575	1	Yes	1914	1968	0	43	0	0		
1576	0	No 	1912	2001	1	30	1	3	1958	1938
1577	1	No 	1920	2000	0	21	0	0		
1578	0	Yes	1955	2001	1	62	1	2	1990	1985
1579	1	Yes	1934	2001	1	48	0	0		
1580	1	Yes	1916	1990	0	12	0	0		
1581	1	Yes	1955	2001	1	40	0	2		1986
1582	1	Yes	1916	1997	0	35	0	0		
1583	1	Yes	1906	1964	0	66	0	1		1942
1584	1	No 	1916	1987	0	44	0	0		
1585	1	Yes	1912	1989	0	43	0	0		
1586	1	Yes	1888	1947	0	243	0	0		
1587	1	Yes	1892	1983	0	141	0	1		1946
1588	1	Yes	1885	1981	0	65	0	0		
1589	1	Yes	1902	1989	0	149	0	0		
1590	1	Yes	1905	1979	0	98	0	1		1940
1591	1	Yes	1950	2001	1	36	0	1		1995
1592	1	Yes	1928	1997	0	48	0	1		1957
1593	1	Yes	1918	1981	0	76	1	3	1953	1950
1594	1	Yes	1950	2001	1	32	1	3	1985	1985
1595	1	Yes	1922	1993	0	13	0	0		
1596	1	Yes	1892	1984	0	98	0	3		1934
1597	1	Yes	1913	1996	0	61	0	0		
1598	1	Yes	1922	2001	1	92	0	0		
1599	1	No 	1931	2001	1	185	0	0		
1600	1	No 	1891	1946	0	53	0	0		
1601	1	Yes	1933	2001	1	37	0	0		
1602	0	Yes	1971	2001	1	19	0	2		1993
1603	1	Yes	1935	2001	1	42	0	1		1977
1604	1	Yes	1961	2001	1	23	0	1		1996
1605	0	No 	1906	1984	0	49	0	0		
1606	1	No 	1915	1985	0	43	1	1	1956	1956
1607	0	Yes	1936	2001	1	14	0	0		
1608	0	No 	1922	2001	1	92	0	0		
1609	0	Yes	1938	2001	1	7	0	0		
1610	0	Yes	1898	1963	0	196	0	0		
1611	1	No 	1969	2001	1	17	0	1		2000
1612	1	No 	1966	2001	1	13	0	0		
1613	1	No 	1964	2001	1	7	0	0		
1614	1	Yes	1930	2001	1	31	0	0		
1615	1	Yes	1950	2001	1	38	0	0		
1616	1	No 	1945	2001	1	17	0	0		
1617	1	Yes	1948	2001	1	50	0	0		
1618	1	No 	1967	2001	1	21	1	1	2000	2000
1619	1	Yes	1964	2001	1	19	0	0		
1620	1	Yes	1942	2001	1	76	0	0		
1621	1	No 	1974	2001	1	13	0	1		2000
1622	0	No 	1967	2001	1	9	0	0		
1623	0	Yes	1941	2001	1	33	0	0		
1624	0	Yes	1964	2001	1	17	0	1		2000
1625	0	Yes	1960	2001	1	11	0	0		
1626	0	Yes	1958	2001	1	29	0	0		
1627	0	Yes	1959	2001	1	26	1	1	2000	2000
1628	0	Yes	1979	2001	1	7	0	1		2000
1629	0	Yes	1980	2001	1	2	0	0		
1630	0	Yes	1974	2001	1	26	0	0		
1631	0	No 	1940	2001	1	1	0	0		
2001	1	No 	1952	2001	1	23	1	1	1998	1998
2002	1	No 	1933	2001	1	48	0	0		
2003	1	Yes	1964	2001	1	28	0	0		
2004	1	No 	1939	2001	1	33	0	1		1998
2005	1	Yes	1945	2001	1	58	0	0		
2006	1	Yes	1928	2001	1	86	1	1	1998	1998
2007	1	Yes	1977	2001	1	12	0	0		
2008	1	Yes	1940	2001	1	27	0	0		
2009	1	Yes	1955	2001	1	41	0	0		
2010	0	No 	1969	2001	1	5	0	1		1998
2011	0	Yes	1965	2001	1	11	0	0		
2012	0	No 	1929	2001	1	4	0	1		1998
2013	0	No 	1943	2001	1	8	0	0		
2014	0	Yes	1973	2001	1	21	1	1	1998	1998
2015	0	Yes	1969	2001	1	12	0	0		
2016	0	No 	1964	2001	1	16	0	0		
2017	0	No 	1968	2001	1	12	0	1		1998
2018	0	No 	1961	2001	1	27	0	0		
3001	1	No 	1964	2001	1	21	1	2	2000	1999
3002	1	Yes	1954	2001	1	7	0	0		
3003	1	Yes	1926	2001	1	100	0	0		
3004	1	No 	1959	2001	1	31	0	0		
3005	1	Yes	1962	2001	1	17	0	0		
3006	1	Yes	1952	2001	1	24	0	0		
3007	1	Yes	1965	2001	1	23	0	0		
3008	1	Yes	1957	2001	1	4	0	1		1999
3009	1	No 	1972	2001	1	11	0	1		1999
3010	1	Yes	1988	2001	1	6	0	1		1999
3011	1	Yes	1986	2001	1	5	0	0		
3012	0	Yes	1961	2001	1	19	0	0		
3013	0	No 	1962	2001	1	11	0	1		1999
3014	0	Yes	1930	2001	1	37	0	0		
3015	0	Yes	1974	2001	1	8	1	1	1999	1999
3016	0	Yes	1974	2001	1	9	0	1		1999
3017	0	Yes	1961	2001	1	4	0	0		
3018	0	No 	1972	2001	1	14	0	1		1999
3019	0	No 	1968	2001	1	4	0	0		
3020	0	Yes	1975	2001	1	15	1	1	1999	1999
3021	0	Yes	1977	2001	1	5	0	0		
3022	0	Yes	1959	2001	1	18	0	1		1999
3023	0	No 	1977	2001	1	7	0	1		1999
